solver_type L2R_LR
nr_class 2
label 1 -1
nr_feature 28
bias -1
w
-0.040985596631360886 
-0.028152038843461808 
0.01401848335276981 
0.00040829571662398501 
0.00040707625230613207 
-0.024294731070250316 
0.056656173904633615 
-0.017634637802853341 
0.017589106630712902 
0.0060007065203610517 
0.006286293057862451 
-0.014439711283486735 
0.055455206248118533 
0.031760050024148369 
0.027245155756844101 
0.027912271059424152 
0.018682391928368552 
0.055138301233504459 
0.018484387458375343 
0.019895982653756056 
0.0078295506444696229 
0.053283832437304265 
0.019725542435812777 
0.0080103297511602903 
0.053901306801438037 
-0.011583204549544255 
0.055334798746254112 
0.056656173904633615 
