solver_type L2R_LR
nr_class 2
label 1 -1
nr_feature 28
bias -1
w
-0.00036875033523126017 
-0.00017179533323287289 
0.0004564383101194505 
0.00029306374000663321 
0.0002777551955095528 
-0.00011450948974178285 
0.0013342318854357165 
-1.2414781016603967e-05 
0.00050715538027591494 
0.00036738862205863292 
0.00035726240076922576 
3.4388629987663121e-05 
0.0012845298960112023 
0.0007133675645680347 
0.00066906263175745505 
0.00066747547325807493 
0.00052495023896707382 
0.0012231530486721182 
0.00055656722671158668 
0.00056831264415338001 
0.00039406149644988898 
0.00120501252310345 
0.00055813382087991346 
0.00038288095403401682 
0.0011997127565158332 
7.6933749766440845e-05 
0.0012770975412929688 
0.0013342318854357165 
