solver_type L2R_LR
nr_class 2
label 1 -1
nr_feature 28
bias -1
w
-0.074255251398584382 
-0.052435162242156434 
0.012956928411863373 
-0.0042131006283829334 
-0.0063439761147519756 
-0.046281141700341838 
0.081136290685843271 
-0.03452362469815231 
0.019965528632337907 
0.0052375387662601065 
0.0037224883380413921 
-0.029410046618834781 
0.080345377604922955 
0.042719714139356831 
0.038001725218564958 
0.037624279335686579 
0.022136529472387128 
0.08253786117843874 
0.025897966058631938 
0.026946035637780086 
0.0083045897671791893 
0.078740742729449711 
0.025026773356790322 
0.0066847475737159302 
0.077304371638236863 
-0.024757394572155016 
0.080543193886608272 
0.081136290685843271 
