solver_type L2R_LR
nr_class 2
label 1 -1
nr_feature 28
bias -1
w
-0.055947730688563867 
-0.038662123706314541 
0.012140086554549321 
0.00031911146238236917 
-0.0062902918459304819 
-0.034343753618496946 
0.074317840940442484 
-0.024492019298403948 
0.017648883718032131 
0.0075607893392667007 
0.0022354128491667929 
-0.020937791968459612 
0.072665493040126913 
0.035145453201509136 
0.032073574165515983 
0.029727505582575444 
0.019103881920550927 
0.073293982647893316 
0.023533912421467105 
0.021891135234397546 
0.0095130794520629849 
0.070276049550562089 
0.017852301929414408 
0.0044183305909548673 
0.067517971011416142 
-0.017679936781702751 
0.072477969689645413 
0.074317840940442484 
