solver_type L2R_LR
nr_class 2
label 1 -1
nr_feature 28
bias -1
w
-0.00016502496375766671 
-3.3221297041468577e-05 
0.00042924514934964954 
0.00029594770671296014 
0.00030079982759931561 
1.9887200302009602e-05 
0.0012126791520471795 
7.2809304405043856e-05 
0.00045601360470849 
0.00034277846096027621 
0.00034831064633207386 
0.00011663879703231598 
0.001153567261556497 
0.00059963671489407955 
0.00057384786744865842 
0.00057583684575903359 
0.00047369904725711029 
0.001055790914804166 
0.00048893110742843622 
0.00049949103325044755 
0.00036965106852817839 
0.0010577232082932782 
0.00050172277419672324 
0.00037369020386076549 
0.0010575489256710179 
0.00015670961104837229 
0.0011450800336098165 
0.0012126791520471795 
