solver_type L2R_LR
nr_class 2
label 1 -1
nr_feature 28
bias -1
w
-0.066631429546237492 
-0.046862005377364395 
0.012227271006163448 
-0.0042220101438043877 
-0.0077990058270185885 
-0.041627103253814975 
0.056899589306480557 
-0.030693479195404893 
0.018466753246837598 
0.0043523152821618649 
0.0016165863889988632 
-0.026324119619919581 
0.058173134061949731 
0.03927645089636355 
0.033995231899882121 
0.032804289470567037 
0.020310585486411507 
0.063385380935393365 
0.022582611118797436 
0.022276795444341361 
0.0070165484914132912 
0.059171139774574937 
0.018988692460132486 
0.004106801327252085 
0.056575270109327176 
-0.022378422053915745 
0.058617075013264366 
0.056899589306480557 
