solver_type L2R_LR
nr_class 2
label 1 -1
nr_feature 28
bias -1
w
-0.054312879014913988 
-0.038382805093399398 
0.012519683850031682 
-0.0021590069234078651 
-0.0022245182031260437 
-0.032508175630604735 
0.07695164419339727 
-0.025291364368718386 
0.017323060527904183 
0.0047909296120797135 
0.0048941012365275134 
-0.020362171489257112 
0.074676267649178021 
0.03455400272336151 
0.031446485347375153 
0.031526397943906784 
0.019519644438876969 
0.072224594945251269 
0.021737224080471636 
0.022791583872418648 
0.0079379894230678025 
0.070457537648232413 
0.02216498043368843 
0.0078815122625092351 
0.06984913240961757 
-0.015856530709679142 
0.074667204090082581 
0.07695164419339727 
