solver_type L2R_LR
nr_class 2
label 1 -1
nr_feature 28
bias -1
w
-0.059519644731281761 
-0.041466598171136522 
0.010648063828638482 
-0.0023795188153334281 
-0.0021208956394440548 
-0.037217137956907675 
0.064846707550291011 
-0.026653714725584813 
0.016623513377399379 
0.0054487667874793446 
0.0060070540784453869 
-0.023167201409200491 
0.0649807100906451 
0.034592442556353187 
0.030658290369184733 
0.031939397943988569 
0.017993681964921085 
0.067361973290388719 
0.02135281180490094 
0.0240713904651675 
0.0074135705649104851 
0.06403392907564126 
0.024173446707584402 
0.0078453452411550006 
0.063413693073289368 
-0.020024464088225512 
0.0647795949653482 
0.064846707550291011 
