solver_type L2R_LR
nr_class 2
label 1 -1
nr_feature 28
bias -1
w
-0.057616970739966515 
-0.040600606206742447 
0.011396463581790656 
-0.0020249685795930188 
-0.00046931925354913199 
-0.035415286978139338 
0.072286843837845088 
-0.026591979118298192 
0.016939000042201252 
0.005318186168907251 
0.0067362426922635147 
-0.022284950914214612 
0.070020115943864036 
0.035524804710482971 
0.031782765917305576 
0.032527689466149229 
0.018810217668431866 
0.069925443900924894 
0.021840779384723282 
0.024345017074150169 
0.0079428332477460874 
0.067685540561097449 
0.024679218575801163 
0.009167788007839961 
0.068876934768614562 
-0.018346693753120251 
0.07040526664058501 
0.072286843837845088 
