solver_type L2R_LR
nr_class 2
label 1 -1
nr_feature 28
bias -1
w
-0.00015800955537927653 
-4.8566262747980717e-05 
0.00034417708134819222 
0.00021383748047113012 
0.00021869339915624286 
-1.4070916309731266e-05 
0.00084340688779730095 
3.966047341766554e-05 
0.00036544536128651551 
0.00025471523163675473 
0.00026181811422816873 
6.7675761145761333e-05 
0.00080884630613767608 
0.00048744788383333428 
0.00044432777151618563 
0.00045474358431788772 
0.00037309910298960025 
0.00076493985352684823 
0.00036302934345290366 
0.00037900226251563296 
0.00026965764077635165 
0.00075473222117293732 
0.00038381097816020453 
0.00027585173872981779 
0.00076708501554794014 
9.2643223314285819e-05 
0.00080264181704598685 
0.00084340688779730095 
