solver_type L2R_LR
nr_class 2
label 1 -1
nr_feature 28
bias -1
w
-1.5751441041567114 
-0.88693713250819439 
0.17840412070225284 
-0.29608447668842708 
-0.18971988671305556 
-0.71063005346179076 
0.12606155354589307 
-0.33461904938250259 
0.45452907333490805 
0.055084424978742635 
0.17766160834044945 
-0.19176767701557615 
0.46875195465500724 
0.7202056246584998 
0.68509325468944549 
0.71869549418125778 
0.52712157879098309 
0.63723928176899469 
0.30584498982060387 
0.41221923243232844 
0.15761291256780008 
0.36357200993405603 
0.44576798340051149 
0.26687732223304761 
0.30276871513627557 
-0.06601843235032509 
0.53608101691530441 
0.12606155354589307 
