solver_type L2R_LR
nr_class 2
label 1 -1
nr_feature 28
bias -1
w
-1.4174553682543667 
-0.82474101317462212 
0.17184821388343849 
-0.21864108348862946 
-0.14870518510456637 
-0.68789199413304725 
0.085779011003337416 
-0.3480118958691546 
0.4093849368559333 
0.078322713921691087 
0.16327775263204913 
-0.23779928533347205 
0.40457358322504405 
0.62953420623289602 
0.59306864446394292 
0.65551433667252101 
0.45732302332544533 
0.65386780068883077 
0.30146343002341924 
0.4134948689234702 
0.14983999625129829 
0.44906175307581581 
0.45254621801974104 
0.22924600704609818 
0.31424634929249157 
-0.14181413880680496 
0.44370313620909674 
0.085779011003337416 
