solver_type L2R_LR
nr_class 2
label 1 -1
nr_feature 28
bias -1
w
-1.3609037530683363 
-0.78015847142772976 
0.21041145671292882 
-0.24712057595607348 
-0.25783220394449752 
-0.64864629744818503 
0.18464483548224106 
-0.31411554012504678 
0.42972715855136989 
0.045342805474076882 
0.071457669322864251 
-0.20815650472399391 
0.46106716013480342 
0.70547290384893302 
0.60430421453942562 
0.61349937866132709 
0.48045834762091688 
0.79798592150928638 
0.25092882724818705 
0.32066250080606185 
0.11687215714318057 
0.44175792823085908 
0.31698107326223351 
0.14233309628197652 
0.28599171569736981 
-0.11353276850146758 
0.51984239940030907 
0.18464483548224106 
