solver_type L2R_LR
nr_class 2
label 1 -1
nr_feature 28
bias -1
w
-1.2049980443646935 
-0.75382370951292621 
0.27427327334734852 
-0.20051081791219447 
-0.10402137471589745 
-0.61659505275966198 
0.13051771801949844 
-0.39073847874397016 
0.42761491325455925 
0.028674252982278669 
0.13204098248135276 
-0.27676394495366069 
0.33587473504909654 
0.70176790054047 
0.5655906176318225 
0.58681936499761267 
0.4679332023376806 
0.56473217574349133 
0.25923323436760098 
0.33413059523414007 
0.09787978826962794 
0.40106616204206197 
0.39331990759591662 
0.19359409302289343 
0.34656039933791211 
-0.17779111141187659 
0.38100004156702377 
0.13051771801949844 
