solver_type L2R_LR
nr_class 2
label 1 -1
nr_feature 28
bias -1
w
-1.3882368815183137 
-0.83780040981825377 
0.165366004405675 
-0.24548944376552106 
-0.18753529178432818 
-0.65454233243503102 
0.23419537521095188 
-0.39457030123329967 
0.37397152728668515 
0.029853692972095999 
0.098105142867084327 
-0.24311330050918842 
0.50094828664535851 
0.61428829972053012 
0.63360422568522246 
0.63765502248817896 
0.45236420859419996 
0.5753572629463034 
0.35869863299360238 
0.40171435230172414 
0.14653638849044567 
0.37881152313728439 
0.39152647442887589 
0.19623712601630014 
0.36929489295030793 
-0.1094640008854993 
0.56830223471659336 
0.23419537521095188 
