solver_type L2R_LR
nr_class 2
label 1 -1
nr_feature 28
bias -1
w
-1.3524091357583836 
-0.81465062645546105 
0.14994446000446462 
-0.26971559280393786 
-0.036948626640329933 
-0.64441450181287174 
0.18319826706594636 
-0.37933522748527626 
0.36413079189569808 
0.0046396649931142184 
0.21754143438222756 
-0.2404219478095139 
0.38104894836265729 
0.63067394860002979 
0.58627602660556266 
0.65308125790642635 
0.4366959855547683 
0.54814658778064473 
0.22417592984123058 
0.37432803286380828 
0.10077663568258044 
0.32584102583330804 
0.49662061623044784 
0.30138641601902194 
0.45524395632183712 
-0.11537401403441493 
0.46505113692018124 
0.18319826706594636 
