solver_type L2R_LR
nr_class 2
label 1 -1
nr_feature 28
bias -1
w
-1.5322433171108798 
-0.85802529253679127 
0.22359202180006268 
-0.25809495218700673 
-0.1883861112624492 
-0.71428470536403887 
0.069581324324981694 
-0.31829465960123532 
0.48875846001127865 
0.08157384676395027 
0.17658645540037973 
-0.20245409170489131 
0.41416092627096351 
0.82365975930242097 
0.72834070965644004 
0.73973628300353211 
0.54586857138721379 
0.53813573432189543 
0.32611180962182046 
0.4078936701246953 
0.16585959184617041 
0.28673809374803455 
0.39110639977658368 
0.24148613504096014 
0.21132449043449952 
-0.10242390327800169 
0.45569272334693373 
0.069581324324981694 
