solver_type L2R_LR
nr_class 2
label 1 -1
nr_feature 28
bias -1
w
-12.047721126122687 
-3.7747740985147327 
-0.76830263429307544 
-4.2643746054630478 
-3.0199399625967955 
-1.2326828500501783 
-0.58422032704753701 
2.6474377118975507 
3.0162284907686536 
-0.031537811309536319 
1.5526936034944347 
4.9182007095878815 
3.9730111128639458 
-4.3357447996450773 
4.7468409631361403 
2.7765481322450625 
4.2482195381549372 
-1.764551805745987 
0.47210837468719102 
-0.4924118234461804 
1.4498332930753675 
-1.7917394876197341 
1.5260076955646531 
3.3239874618832386 
-3.5070200199415269 
6.6749476571730737 
4.7921933463082933 
-0.58422032704753701 
