solver_type L2R_LR
nr_class 2
label 1 -1
nr_feature 28
bias -1
w
-21.138700192462093 
-6.9540138426153426 
-6.3317567210743251 
-12.269793716438523 
-8.9630100815976288 
5.7577164118887199 
1.377874033490722 
-12.194512574698052 
34.274950786863464 
0.040654287345418212 
-10.833876978111208 
21.334227468038836 
20.189151172420786 
-34.537188284818235 
21.748043339515135 
6.5619881984641468 
14.604774909778509 
-13.620126159537449 
17.726197044471359 
-19.011154915370629 
-15.595234716414646 
1.0991318011133626 
21.442760340922518 
6.8110820872809317 
-9.4770304762672239 
12.327582713638412 
-4.3493395744104806 
1.377874033490722 
