solver_type L2R_LR
nr_class 2
label 1 -1
nr_feature 28
bias -1
w
-23.863042893001445 
-9.9065671073213863 
16.914738865466678 
4.6163624602553028 
-26.68736864286867 
0.52596518011005033 
-10.590603267039524 
-16.3695820467563 
2.1752215558138195 
16.919342063386495 
32.466091577121396 
10.202226698780056 
32.602706262023254 
-41.421325007755264 
72.595111950224165 
0.59948277650379389 
-4.6802047875271811 
-9.1400804121657249 
-33.93781144055648 
-17.261495417155182 
-4.354144046238563 
-7.2022166718182046 
-1.6662465428798932 
21.335100195755693 
-11.482681165557882 
16.773511259346346 
13.941152428535228 
-10.590603267039524 
