solver_type L2R_LR
nr_class 2
label 1 -1
nr_feature 28
bias -1
w
-26.793735441325119 
-4.9113688419763042 
7.4572409389102212 
10.419541160034637 
-4.4070314924618472 
-2.5737805706196828 
0.48046680926099378 
-4.1621771743910259 
10.926826735352984 
-6.0929893553666021 
-5.5776876480642352 
23.939617928199919 
12.003701347515678 
-31.223103709238536 
31.475768968558086 
3.5090151352462828 
10.585330498777489 
-8.3559981439289661 
0.70169997936899475 
-8.7282922663579825 
-24.02658386567947 
-1.4827258684460185 
5.1656026846827965 
12.913495635484525 
-5.3334782853101439 
12.129818262701894 
0.35344976286814994 
0.48046680926099378 
