solver_type L2R_LR
nr_class 2
label 1 -1
nr_feature 28
bias -1
w
-12.148739667041518 
-10.170840223581759 
14.25713640994746 
-5.7533223461561125 
-7.2218367228009193 
-3.6385950879500033 
-7.3921797762445705 
-10.586765278377587 
14.997451690331435 
-3.3711452006441185 
2.8149670401103766 
15.08582538250195 
29.642995385573006 
-26.618546774362567 
15.394040774886474 
-10.024988328551775 
16.990068092403376 
-9.2638571468435362 
8.6571836875165786 
4.2559894380470382 
-19.855431135271175 
-2.1212517255951133 
5.6478585822308514 
12.373614711386118 
-8.9542628101240727 
9.5427770598990644 
3.8176208946011441 
-7.3921797762445705 
