solver_type L2R_LR
nr_class 2
label 1 -1
nr_feature 28
bias -1
w
-27.788719234759633 
-3.940375435258499 
-4.3168783295190529 
13.633271780308473 
7.0958893131959702 
-6.6069112611424226 
7.5811353158990817 
12.06894666031952 
2.171714848454342 
-7.4919241824495115 
-9.8824165779532169 
15.973442446942512 
-11.576707669401658 
-28.679836529346751 
36.039677304354932 
0.43884638766726103 
27.632992257433703 
-6.6487811698105039 
-4.7857742903343352 
-4.9127615874407464 
-25.21500269172736 
-1.8861078175449244 
-3.6476744554225817 
17.214092694091949 
-3.2530010626879409 
5.7294642278948782 
5.1546678363200478 
7.5811353158990817 
