solver_type L2R_LR
nr_class 2
label 1 -1
nr_feature 28
bias -1
w
-22.895897410392362 
-5.590630533573596 
1.559407705230538 
19.120330649233534 
-2.6161767097968855 
-2.2663510531367765 
-3.6063399716500508 
-8.6791835624466831 
19.586951507197817 
-5.7153429569317691 
-13.322948839825086 
23.705861847682048 
20.474924732616394 
-27.843194098079543 
22.027811578972297 
7.0786652365686882 
7.893049662367372 
-8.4404250652757131 
1.5854776267609276 
-8.6190542925279807 
-30.193806666626827 
-0.21020218914759831 
8.0792844726510982 
10.130491670369301 
-4.2147778444085464 
15.174151508517671 
-0.68397177496933015 
-3.6063399716500508 
