solver_type L2R_LR
nr_class 2
label 1 -1
nr_feature 28
bias -1
w
-29.852232494706527 
-7.562104796583986 
18.881361906946548 
10.548797159688311 
-10.577572339807476 
-4.5834748564976078 
5.0203903808688608 
2.4220647841315839 
-2.8261836210892635 
-11.869759019474962 
4.5972241066031003 
25.083843735968326 
3.2450309010715612 
-28.654391456101546 
26.406696292586147 
1.6805627725105294 
11.590816545933526 
-5.1635521957001851 
-1.1486239637639895 
-1.1570498850845119 
-19.402547314011436 
-0.47331677417024676 
7.4978622610095407 
1.370210582652333 
-6.9514703472724335 
18.288852669943083 
-2.3526224352351468 
5.0203903808688608 
