solver_type L2R_LR
nr_class 2
label 1 -1
nr_feature 28
bias -1
w
-10.53796112292012 
-3.4657733691811532 
-0.31713104351702115 
-3.2021944432117295 
-2.8829406625593941 
-1.0673166579965694 
-1.0367081617970411 
1.9882671765136555 
2.9061661152056342 
0.25809250753655083 
0.94563551984840044 
4.1506083727414795 
4.3157589495079138 
-3.5510617007188965 
2.7883550744235768 
2.2264905087690341 
3.9132874217585139 
-1.7657854570262428 
-0.075477814959529127 
0.14005041299779195 
1.4624875330940694 
-0.8886430126298337 
1.9894452872172754 
2.7003162046616587 
-3.1527296049194433 
5.8201836079773583 
4.4275585535621076 
-1.0367081617970411 
