solver_type L2R_LR
nr_class 2
label 1 -1
nr_feature 28
bias -1
w
-11.09274538450531 
-3.1056531874484974 
-1.0674702447028592 
-4.1438769834150397 
-3.7759581833182807 
-1.0723885926407914 
-0.55779265302437986 
3.1009472661956661 
2.2898617221628332 
-0.17812159105228273 
1.1559624723420892 
4.8692910323251652 
2.9833159532241287 
-2.7414869918189368 
3.3999640270951752 
2.5249646311090421 
3.3164931802130484 
1.1386665875510571 
-0.22423771585083849 
1.0063086143286908 
1.1076019566862649 
-1.2535224561497251 
2.1557886170671492 
2.5776249987395259 
-4.2330828061973254 
6.268261665371214 
4.4102272359426546 
-0.55779265302437986 
