solver_type L2R_LR
nr_class 2
label 1 -1
nr_feature 28
bias -1
w
-10.907168840006735 
-3.6075145536632327 
-0.35750598344297463 
-4.9230251436563721 
-3.450231008276631 
-1.0730439381201879 
-0.20823661251941114 
2.1009914336059916 
3.4510503037963658 
-0.58891111729902079 
0.7459040672288717 
4.3483209178717468 
4.3095789342063071 
-4.6543175175755396 
4.084970325024968 
2.842480687824243 
4.3888723198207078 
-3.0695738554209751 
2.1984307325539856 
0.32923879990256361 
1.0723689154564386 
-1.6256339380327334 
2.7055777982172602 
2.3740074666467303 
-3.7857549590837727 
6.0230691891072885 
5.1948852279743161 
-0.20823661251941114 
