solver_type L2R_LR
nr_class 2
label 1 -1
nr_feature 28
bias -1
w
-9.4201962863229589 
-3.785765865143055 
0.6139160208540011 
-3.7479245572689468 
-1.5201524342865314 
-1.1182152474856482 
-0.41729682323860351 
0.5897902140875938 
3.0653018027169154 
-0.31345173603790444 
2.2064809365336826 
3.0774804031515139 
4.2265994414694754 
-1.256279193255466 
2.2579603243874424 
0.25743111676207026 
4.0822380230572399 
-2.8712826443239825 
0.78866022865701368 
-0.12337104434680235 
1.0568929468151689 
-0.3938688764545627 
1.8233423368206259 
3.5818339030045006 
-4.7314906998095791 
4.9983859084394346 
4.3370192117619517 
-0.41729682323860351 
