solver_type L2R_LR
nr_class 2
label 1 -1
nr_feature 28
bias -1
w
-13.74650281884262 
-4.1775424308726103 
-2.1861033871705549 
-4.0663683522374185 
-2.803258972207519 
-1.8327978699980496 
-1.2087281913875345 
3.1730429339393984 
2.4038943248061648 
1.1890072383065262 
3.5779380249301425 
5.3294195360895085 
6.1139008118357188 
-1.3943435925597889 
5.2769681614029285 
2.9680813428103185 
3.6060311053088405 
-2.2378389333011608 
-0.67133992991057234 
-0.9023901925364034 
2.6735045152128771 
-3.0851519957429741 
-0.50349856089509215 
4.4579122761905143 
-5.0740060314351272 
6.9905916145128826 
5.8667100778186825 
-1.2087281913875345 
