solver_type L2R_LR
nr_class 2
label 1 -1
nr_feature 28
bias -1
w
-11.168924048604659 
-3.5696909185047279 
-1.1073892743735396 
-3.7623433534775454 
-1.8544744727859117 
-1.2584142458989429 
0.11879641059127741 
2.4751607200647716 
2.5290068945305899 
0.16666528925058585 
1.9314630191635631 
4.3956511288373123 
1.4378290815789103 
-3.5621236182850176 
4.768245395332805 
2.52771029972451 
4.052005091480587 
-1.356912136254663 
-0.17903504916086868 
-0.84501129549254139 
1.4807884409647534 
-2.4407388443353213 
0.1504051247292377 
3.5468605251917293 
-1.0303851345610637 
6.0394681256485567 
3.7988886840767364 
0.11879641059127741 
